 
 +-----------------------------------------------------------------+
 |           Trasmissione Sinteco - Numero bozze inviate           |
 +-----------------------------------------------------------------+
 | 00024882 | 00024883 | 00024884 | 00024952 | 00024953 | 00024987 |
 | 00025320 | 00025321 | 00025322 | 00025323 | 00025324 | 00025325 |
 | 00025326 | 00025327 | 00025328 | 00025329 | 00025330 | 00025332 |
 | 00025333 | 00025362 | 00025379 | 00025415 | 00025416 | 00025418 |
 | 00025419 | 00025421 | 00025441 | 00025460 | 00025461 | 00025463 |
 | 00025485 | 00025494 | 00025497 | 00025508 | 00025821 | 00025822 |
 | 00025824 | 00025825 | 00025826 | 00025827 | 00025828 | 00025834 |
 | 00025835 | 00025837 | 00025838 | 00025840 | 00025847 | 00025858 |
 | 00025859 | 00025860 | 00025861 | 00025862 | 00025863 | 00025883 |
 | 00025885 | 00025886 | 00025887 | 00025888 | 00025889 | 00025890 |
 | 00025891 | 00025892 | 00025893 | 00025894 | 00025895 | 00025896 |
 | 00025897 | 00025900 | 00025901 | 00025902 | 00025903 | 00025904 |
 | 00025905 | 00025906 | 00025907 | 00025908 | 00025909 | 00025911 |
 | 00025912 | 00025914 | 00025916 | 00025918 | 00025919 | 00025923 |
 | 00025925 | 00025927 | 00025928 | 00025929 | 00025930 | 00025931 |
 | 00025932 | 00025933 | 00025934 | 00025935 | 00025936 | 00025937 |
 | 00025938 | 00025939 | 00025940 | 00025942 | 00025943 | 00025944 |
 | 00025945 | 00026291 | 00026298 | 00026299 | 00026300 | 00026301 |
 | 00026302 | 00026303 | 00026304 | 00026305 | 00026306 | 00026307 |
 | 00026308 | 00026309 | 00026310 | 00026311 | 00026312 | 00026313 |
 | 00026314 | 00026315 | 00026316 | 00026317 | 00026318 | 00026319 |
 | 00026320 |          |          |          |          |          |
 +-----------------------------------------------------------------+
 
 +-----------------------------------------------------------------+
 |                           Numero colli                          |
 +-----------------------------------------------------------------+
 | 16 | Ala                                          |         650 |
 | 11 | GDS - DO                                     |         379 |
 | 1  | GDA                                          |         694 |
 | 8  | Trade                                        |         364 |
 | 14 | Texaco                                       |         135 |
 | 9  | Carburanti                                   |           1 |
 +-----------------------------------------------------------------+
