 
 +-----------------------------------------------------------------+
 |           Trasmissione Sinteco - Numero bozze inviate           |
 +-----------------------------------------------------------------+
 | 00000858 | 00014572 | 00014677 | 00014772 | 00015106 | 00015120 |
 | 00015126 | 00015127 | 00015128 | 00015129 | 00015133 | 00015135 |
 | 00015145 | 00015148 | 00015151 | 00015153 | 00015156 | 00015157 |
 | 00015158 | 00015159 | 00015163 | 00015165 | 00015166 | 00015168 |
 | 00015170 | 00015172 | 00015173 | 00015174 | 00015177 | 00015178 |
 | 00015182 | 00015186 | 00015187 | 00015188 | 00015189 | 00015193 |
 | 00015203 | 00015204 | 00015205 | 00015206 | 00015207 | 00015208 |
 | 00015209 | 00015210 | 00015211 | 00015212 | 00015213 | 00015214 |
 | 00015215 | 00015216 | 00015217 | 00015218 | 00015219 | 00015220 |
 | 00015221 | 00015222 | 00015223 | 00015224 | 00015225 | 00015227 |
 | 00015228 | 00015229 | 00015230 | 00015231 | 00015232 | 00015233 |
 | 00015234 | 00015235 | 00015236 | 00015237 | 00015238 | 00015239 |
 | 00015240 | 00015241 | 00015242 | 00015243 | 00015244 | 00015245 |
 | 00015246 | 00015247 | 00015248 | 00015249 | 00015250 | 00015251 |
 | 00015257 | 00015258 | 00015259 | 00015260 | 00015270 | 00015271 |
 | 00015272 | 00015273 | 00015274 | 00015276 | 00015277 | 00015279 |
 | 00015280 | 00015283 | 00015284 | 00015285 | 00015286 | 00015288 |
 | 00015289 | 00015290 | 00015292 | 00015293 | 00015294 | 00015295 |
 | 00015296 | 00015297 | 00015298 | 00015299 | 00015300 | 00015301 |
 | 00015302 | 00015303 | 00015305 | 00015306 | 00015307 | 00015313 |
 | 00015328 | 00015329 | 00015331 | 00015332 | 00015334 | 00015335 |
 | 00015336 | 00015337 | 00015338 | 00015339 | 00015340 | 00015341 |
 | 00015342 | 00015343 | 00015344 | 00015345 | 00015346 | 00015347 |
 | 00015348 | 00015350 | 00015351 | 00015352 | 00015353 | 00015354 |
 | 00015355 | 00015360 | 00015361 | 00015362 | 00015363 | 00015365 |
 | 00015366 | 00015367 | 00015368 | 00015369 | 00015370 | 00015371 |
 | 00015372 | 00015373 | 00015374 | 00015375 | 00015376 | 00015377 |
 | 00015378 | 00015379 | 00015380 | 00015381 | 00015382 | 00015383 |
 | 00015384 | 00015385 | 00015386 | 00015387 | 00015388 | 00015389 |
 | 00015391 | 00015392 | 00015393 | 00015394 | 00015395 | 00015396 |
 | 00015397 | 00015398 | 00015399 | 00015400 | 00015402 | 00015406 |
 | 00015408 | 00015411 | 00015412 | 00015415 | 00015417 | 00015419 |
 | 00015421 | 00015422 | 00015423 | 00015424 | 00015425 | 00015426 |
 | 00015427 | 00015428 | 00015429 | 00015430 | 00015431 | 00015432 |
 | 00015433 | 00015434 | 00015435 | 00015437 | 00015438 | 00015439 |
 | 00015440 | 00015441 | 00015442 | 00015443 | 00015445 | 00015446 |
 | 00015453 | 00015740 | 00015741 | 00015758 |          |          |
 +-----------------------------------------------------------------+
 
 +-----------------------------------------------------------------+
 |                           Numero colli                          |
 +-----------------------------------------------------------------+
 | 11 | GDS - DO                                     |         181 |
 | 8  | Trade                                        |         953 |
 | 16 | Ala                                          |         404 |
 | 14 | Texaco                                       |         509 |
 | 1  | GDA                                          |         747 |
 +-----------------------------------------------------------------+
