 
 +-----------------------------------------------------------------+
 |           Trasmissione Sinteco - Numero bozze inviate           |
 +-----------------------------------------------------------------+
 | 00055330 | 00057711 | 00057713 | 00057714 | 00058170 | 00058208 |
 | 00058225 | 00058547 | 00058552 | 00059240 | 00059241 | 00059242 |
 | 00059243 | 00059246 | 00059248 | 00059251 | 00059252 | 00059253 |
 | 00059255 | 00059258 | 00059259 | 00059260 | 00059263 | 00059270 |
 | 00059275 | 00059276 | 00059277 | 00059278 | 00059283 | 00059284 |
 | 00059286 | 00059287 | 00059288 | 00059289 | 00059292 | 00059293 |
 | 00059294 | 00059298 | 00059299 | 00059301 | 00059302 | 00059303 |
 | 00059305 | 00059306 | 00059307 | 00059308 | 00059309 | 00059311 |
 | 00059312 | 00059313 | 00059315 | 00059320 | 00059323 | 00059325 |
 | 00059329 | 00059337 | 00059339 | 00059350 | 00059352 | 00059353 |
 | 00059354 | 00059356 | 00059357 | 00059358 | 00059360 | 00059361 |
 | 00059362 | 00059364 | 00059365 | 00059366 | 00059367 | 00059368 |
 | 00059370 | 00059371 | 00059373 | 00059375 | 00059376 | 00059377 |
 | 00059378 | 00059379 | 00059380 | 00059381 | 00059382 | 00059383 |
 | 00059386 | 00059387 | 00059389 | 00059390 | 00059391 | 00059392 |
 | 00059431 | 00059451 | 00059452 | 00059459 | 00059464 | 00059466 |
 | 00059470 | 00059471 | 00059472 | 00059474 | 00059476 | 00059477 |
 | 00059479 | 00059480 | 00059482 | 00059483 | 00059487 | 00059488 |
 | 00059489 | 00059490 | 00059491 | 00059493 | 00059494 | 00059496 |
 | 00059497 | 00059498 | 00059499 | 00059500 | 00059501 | 00059502 |
 | 00059503 | 00059504 | 00059505 | 00059506 | 00059507 | 00059509 |
 | 00059510 | 00059511 | 00059512 | 00059513 | 00059514 | 00059515 |
 | 00059516 | 00059517 | 00059519 | 00059520 | 00059521 | 00059522 |
 | 00059523 | 00059524 | 00059525 | 00059528 | 00059529 | 00059530 |
 | 00059531 | 00059535 | 00059536 | 00059537 | 00059538 | 00059539 |
 | 00059542 | 00059544 | 00059545 | 00059548 | 00059550 | 00059551 |
 | 00059552 | 00059553 | 00059554 | 00059555 | 00059558 | 00059559 |
 | 00059562 | 00059564 | 00059565 | 00059577 | 00059578 | 00059579 |
 | 00059584 | 00059589 | 00059596 | 00059599 | 00059601 | 00059612 |
 | 00059614 | 00059616 | 00059617 | 00059620 | 00059621 | 00059623 |
 | 00059624 | 00059627 | 00059628 | 00059629 | 00059630 | 00059633 |
 | 00059634 | 00059635 | 00059636 | 00059639 | 00059642 | 00059700 |
 | 00059701 | 00059702 | 00059703 | 00059705 |          |          |
 +-----------------------------------------------------------------+
 
 +-----------------------------------------------------------------+
 |                           Numero colli                          |
 +-----------------------------------------------------------------+
 | 8  | Trade                                        |       1.494 |
 | 11 | GDS - DO                                     |         570 |
 | 14 | Texaco                                       |         285 |
 | 16 | Ala                                          |         396 |
 | 1  | GDA                                          |         712 |
 +-----------------------------------------------------------------+
