 
 +-----------------------------------------------------------------+
 |           Trasmissione Sinteco - Numero bozze inviate           |
 +-----------------------------------------------------------------+
 | 00028473 | 00030747 | 00031063 | 00031389 | 00031395 | 00031420 |
 | 00032005 | 00032006 | 00032041 | 00032045 | 00032082 | 00032086 |
 | 00032090 | 00032093 | 00032097 | 00032102 | 00032104 | 00032106 |
 | 00032107 | 00032109 | 00032110 | 00032111 | 00032112 | 00032113 |
 | 00032126 | 00032127 | 00032128 | 00032131 | 00032133 | 00032135 |
 | 00032138 | 00032139 | 00032143 | 00032386 | 00032387 | 00032389 |
 | 00032391 | 00032400 | 00032403 | 00032404 | 00032405 | 00032406 |
 | 00032407 | 00032408 | 00032409 | 00032410 | 00032411 | 00032412 |
 | 00032418 | 00032420 | 00032422 | 00032423 | 00032424 | 00032425 |
 | 00032427 | 00032428 | 00032431 | 00032433 | 00032434 | 00032435 |
 | 00032436 | 00032437 | 00032438 | 00032440 | 00032442 | 00032443 |
 | 00032444 | 00032445 | 00032446 | 00032447 | 00032448 | 00032449 |
 | 00032450 | 00032452 | 00032460 | 00032461 | 00032462 | 00032463 |
 | 00032464 | 00032728 | 00032786 | 00032787 | 00032788 | 00032789 |
 | 00032790 | 00032791 | 00032792 | 00032793 | 00032794 | 00032795 |
 | 00032796 | 00032797 |          |          |          |          |
 +-----------------------------------------------------------------+
 
 +-----------------------------------------------------------------+
 |                           Numero colli                          |
 +-----------------------------------------------------------------+
 | 11 | GDS - DO                                     |         817 |
 | 8  | Trade                                        |         942 |
 | 14 | Texaco                                       |         162 |
 | 16 | Ala                                          |         128 |
 +-----------------------------------------------------------------+
