 
 +-----------------------------------------------------------------+
 |           Trasmissione Sinteco - Numero bozze inviate           |
 +-----------------------------------------------------------------+
 | 00000001 | 00000002 | 00000005 | 00000010 | 00000011 | 00000016 |
 | 00000019 | 00000021 | 00000025 | 00000027 | 00000029 | 00000030 |
 | 00000033 | 00000034 | 00000040 | 00000042 | 00000043 | 00000044 |
 | 00000045 | 00000046 | 00000047 | 00000048 | 00000049 | 00000050 |
 | 00000051 | 00000052 | 00000053 | 00000054 | 00000057 | 00000058 |
 | 00000059 | 00000061 | 00000062 | 00000063 | 00000064 | 00000065 |
 | 00000067 | 00000068 | 00000069 | 00000070 | 00000071 | 00000072 |
 | 00000073 | 00000074 | 00000075 | 00000076 | 00000077 | 00000078 |
 | 00000081 | 00000083 | 00000084 | 00000085 | 00000087 | 00000088 |
 | 00000089 | 00000092 | 00000093 | 00000094 | 00000095 | 00000096 |
 | 00000097 | 00000098 | 00000099 | 00000100 | 00000101 | 00000102 |
 | 00000103 | 00000104 | 00000106 | 00000107 | 00000109 | 00000110 |
 | 00000111 | 00000113 | 00000114 | 00000117 | 00000118 | 00000119 |
 | 00000120 | 00000121 | 00000123 | 00000124 | 00000126 | 00000127 |
 | 00000128 | 00000129 | 00000146 | 00000147 | 00000149 | 00000150 |
 | 00000151 | 00000153 | 00000159 | 00000160 | 00000167 | 00000171 |
 | 00000172 | 00000173 | 00000175 | 00000176 | 00000178 | 00000179 |
 | 00000180 | 00000181 | 00000182 | 00000183 | 00000185 | 00000186 |
 | 00000187 | 00000188 | 00000189 | 00000190 | 00000194 | 00000195 |
 | 00000196 | 00000198 | 00000199 | 00000200 | 00000201 | 00000202 |
 | 00000203 | 00000204 | 00000205 | 00000206 | 00000207 | 00000208 |
 | 00000209 | 00000210 | 00000211 | 00000212 | 00000213 | 00000214 |
 | 00000215 | 00000216 | 00000217 | 00000218 | 00000219 | 00000220 |
 | 00000221 | 00000222 | 00000224 | 00000226 | 00000227 | 00000228 |
 | 00000229 | 00000230 | 00000231 | 00000232 | 00000233 | 00000234 |
 | 00000235 | 00000236 | 00000237 | 00000238 | 00000239 | 00000240 |
 | 00000241 | 00000242 | 00000244 | 00000245 | 00000246 | 00000247 |
 | 00000248 |          |          |          |          |          |
 +-----------------------------------------------------------------+
 
 +-----------------------------------------------------------------+
 |                           Numero colli                          |
 +-----------------------------------------------------------------+
 | 8  | Trade                                        |         914 |
 | 14 | Texaco                                       |         663 |
 | 16 | Ala                                          |         309 |
 | 1  | GDA                                          |         727 |
 +-----------------------------------------------------------------+
