 
 +-----------------------------------------------------------------+
 |           Trasmissione Sinteco - Numero bozze inviate           |
 +-----------------------------------------------------------------+
 | 00054372 | 00062025 | 00064309 | 00065068 | 00065075 | 00065077 |
 | 00065078 | 00065079 | 00065086 | 00065100 | 00065103 | 00065106 |
 | 00065107 | 00065109 | 00065110 | 00065112 | 00065113 | 00065116 |
 | 00065118 | 00065119 | 00065120 | 00065121 | 00065122 | 00065123 |
 | 00065124 | 00065125 | 00065126 | 00065127 | 00065128 | 00065129 |
 | 00065130 | 00065131 | 00065132 | 00065134 | 00065135 | 00065136 |
 | 00065138 | 00065146 | 00065147 | 00065148 | 00065149 | 00065151 |
 | 00065157 | 00065158 | 00065160 | 00065161 | 00065162 | 00065163 |
 | 00065164 | 00065165 | 00065166 | 00065167 | 00065175 | 00065176 |
 | 00065177 | 00065178 | 00065179 | 00065180 | 00065181 | 00065183 |
 | 00065187 | 00065190 | 00065194 | 00065195 | 00065196 | 00065212 |
 | 00065216 | 00065217 | 00065218 | 00065219 | 00065220 | 00065221 |
 | 00065222 | 00065223 | 00065226 | 00065227 | 00065228 | 00065229 |
 | 00065230 | 00065231 | 00065232 | 00065233 | 00065236 | 00065237 |
 | 00065239 | 00065240 | 00065241 | 00065244 | 00065245 | 00065246 |
 | 00065247 | 00065248 | 00065249 | 00065251 | 00065252 | 00065253 |
 | 00065254 | 00065255 | 00065256 | 00065257 | 00065258 | 00065259 |
 | 00065260 | 00065261 | 00065262 | 00065263 | 00065265 | 00065735 |
 | 00065737 | 00065740 | 00065741 | 00065742 | 00065743 | 00065744 |
 | 00065745 | 00065748 | 00065751 | 00065753 | 00065754 | 00065755 |
 | 00065757 | 00065760 | 00065763 | 00065764 | 00065790 | 00065791 |
 | 00065792 | 00065793 | 00065794 | 00065795 | 00065873 | 00065884 |
 | 00065885 | 00065886 | 00065888 | 00065889 | 00065942 | 00065943 |
 | 00065944 | 00065947 | 00065948 | 00065949 | 00065951 | 00065952 |
 | 00065953 | 00065955 | 00065956 | 00065957 | 00065958 | 00065959 |
 | 00065960 | 00065962 | 00065963 | 00065964 | 00065965 | 00065966 |
 | 00065967 | 00065968 | 00065969 | 00065970 | 00065971 | 00065972 |
 | 00065973 | 00065974 | 00065975 | 00065976 | 00065978 | 00065979 |
 | 00065980 | 00065981 | 00065982 | 00065984 | 00065985 | 00065986 |
 | 00065987 | 00065988 | 00065989 | 00065990 | 00065991 | 00065992 |
 | 00065993 | 00065994 | 00065995 | 00065996 | 00065997 | 00065998 |
 | 00065999 | 00066000 | 00066001 | 00066002 | 00066003 | 00066004 |
 | 00066005 | 00066006 | 00066007 | 00066008 | 00066010 | 00066011 |
 | 00066012 | 00066013 | 00066015 | 00066016 | 00066017 | 00066018 |
 | 00066019 | 00066020 | 00066021 | 00066022 | 00066023 | 00066024 |
 | 00066025 | 00066026 | 00066027 | 00066029 | 00066030 | 00066031 |
 | 00066032 | 00066033 | 00066034 | 00066035 | 00066036 | 00066037 |
 | 00066038 | 00066039 | 00066042 | 00066043 | 00066044 | 00066045 |
 | 00066047 | 00066048 | 00066050 | 00066051 | 00066052 | 00066053 |
 | 00066054 | 00066055 | 00066056 | 00066057 | 00066058 | 00066059 |
 | 00066062 | 00066063 | 00066064 | 00066065 | 00066066 | 00066067 |
 | 00066068 | 00066069 | 00066070 | 00066071 | 00066072 | 00066073 |
 | 00066074 | 00066075 | 00066076 | 00066077 | 00066078 | 00066215 |
 | 00066216 | 00066217 | 00066218 | 00066361 | 00066362 | 00066363 |
 | 00066364 | 00066365 | 00066366 | 00066367 | 00066368 | 00066369 |
 | 00066370 | 00066371 | 00066372 | 00066373 | 00066374 | 00066375 |
 | 00066376 | 00066377 | 00066378 | 00066379 | 00066380 | 00066381 |
 | 00066382 | 00066383 | 00066384 | 00066385 | 00066386 | 00066387 |
 | 00066388 | 00066389 | 00066390 | 00066391 | 00066392 | 00066393 |
 |          |          |          |          |          |          |
 +-----------------------------------------------------------------+
 
 +-----------------------------------------------------------------+
 |                           Numero colli                          |
 +-----------------------------------------------------------------+
 | 11 | GDS - DO                                     |         734 |
 | 16 | Ala                                          |       1.620 |
 | 8  | Trade                                        |       1.675 |
 | 1  | GDA                                          |         982 |
 | 14 | Texaco                                       |         620 |
 +-----------------------------------------------------------------+
